Ocak 03 398.99 235.34
Ocak 04 103.35 268.24
Ocak 05 92.88 192.35
Ocak 06 105.29 659.22
Ocak 07 340.64 4534.33
Subat 01 464.70 707.03
Subat 06 132.04 295.15
Subat 12 78.13 312.19
Subat 14 173.38 312.23
Subat 15 328.09 1474.09
Subat 17 480.57 4432.92
Subat 22 172.70 2160.71
Subat 23 137.73 416.66
Mart 01 201.84 6641.31
Mart 02 468.48 102.90
Mart 03 258.32 605.66
Mart 05 454.37 797.64
Mart 06 269.00 578.94
Mart 08 311.45 106.07
Mart 09 341.05 454.91
Mart 11 453.31 321.19
Mart 13 82.54 745.53
Mart 14 71.77 698.72
Mart 15 312.58 339.55
Mart 16 480.35 752.49
Mart 17 215.29 177.50
Mart 18 435.38 2097.00
Mart 20 247.26 54.02
Mart 21 444.69 275.69
Mart 22 210.22 595.87
Mart 23 450.65 392.64
Mart 24 85.46 618.28
Mart 25 367.05 368.96
Mart 26 279.55 259.11
Mart 27 402.57 892.41
Mart 30 232.81 244.23
Mart 31 82.37 887.94
Nisan 03 331.06 638.02
Nisan 06 156.66 6010.15
Nisan 07 375.67 4846.54
Nisan 08 487.96 361.49
Nisan 09 383.91 612.57
Nisan 10 180.98 2434.09
Nisan 11 405.81 779.06
Nisan 13 436.14 2209.52
Nisan 14 175.13 258.06
Nisan 18 120.76 511.23
Nisan 19 449.82 458.99
Nisan 20 240.87 779.64
Nisan 22 233.63 1816.44
Nisan 26 332.25 137.22
Nisan 27 338.45 6646.97
Nisan 29 88.02 402.24
Mayis 01 415.67 487.90
Mayis 02 260.34 791.97
Mayis 03 166.38 1033.74
Mayis 04 322.29 3486.31
Mayis 06 397.55 756.72
Mayis 07 442.89 785.65
Mayis 08 299.51 439.72
Mayis 09 391.15 714.90
Mayis 10 445.40 3131.81
Mayis 11 128.04 393.60
Mayis 12 316.97 511.99
Mayis 13 297.29 928.57
Mayis 14 88.36 4098.75
Mayis 15 91.92 555.76
Mayis 16 410.81 1212.17
Mayis 17 277.26 272.31
Mayis 18 77.78 747.18
Mayis 19 210.99 375.83
Mayis 20 127.62 3659.66
Mayis 22 439.57 498.76
Mayis 23 346.72 626.29
Mayis 24 309.96 132.78
Mayis 25 404.99 333.69
Mayis 26 312.14 518.22
Mayis 27 469.89 151.34
Mayis 28 97.92 512.92
Mayis 29 311.68 559.28
Mayis 30 272.71 572.40
Mayis 31 78.38 526.71
Haziran 02 203.26 284.23
Haziran 03 345.41 652.47
Haziran 04 199.56 2793.37
Haziran 05 398.46 686.57
Haziran 06 422.90 791.60
Haziran 07 129.96 196.38
Haziran 08 226.35 382.55
Haziran 09 484.25 739.18
Haziran 10 267.55 199.16
Haziran 11 294.53 1583.92
Haziran 12 373.90 660.01
Haziran 13 90.44 354.90
Haziran 14 353.27 6628.41
Haziran 15 148.82 1209.75
Haziran 16 446.39 900.63
Haziran 17 179.11 596.38
Haziran 18 468.10 583.88
Haziran 19 462.12 1930.03
Haziran 20 401.93 610.61
Haziran 21 259.79 258.41
Haziran 22 397.94 741.75
Haziran 23 101.00 7601.51
Haziran 24 135.29 730.56
Haziran 25 466.87 3194.42
Haziran 26 104.42 258.80
Haziran 27 444.48 7302.64
Haziran 28 283.03 29.78
Haziran 29 446.33 357.49
Haziran 30 365.80 432.48
Temmuz 01 435.79 351.96
Temmuz 02 117.27 610.35
Temmuz 03 265.48 3477.55
Temmuz 05 358.70 119.89
Temmuz 06 215.71 622.40
Temmuz 07 345.23 3864.32
Temmuz 08 456.85 273.96
Temmuz 09 151.72 389.50
Temmuz 10 390.83 308.37
Temmuz 11 434.65 566.44
Temmuz 13 97.79 119.16
Temmuz 14 92.76 604.34
Temmuz 17 153.10 734.96
Temmuz 18 190.76 2767.36
Temmuz 19 340.17 557.63
Temmuz 20 425.58 404.54
Temmuz 21 263.91 453.47
Temmuz 22 350.26 204.61
Temmuz 23 396.52 3891.70
Temmuz 25 252.82 127.23
Temmuz 26 498.33 315.18
Temmuz 28 266.25 66.63
Temmuz 29 119.24 528.39
Temmuz 30 173.27 708.38
Agustos 01 417.24 675.61
Agustos 02 387.91 866.80
Agustos 04 274.64 1417.61
Agustos 05 181.60 577.46
Agustos 11 265.52 611.49
Agustos 14 214.51 3849.24
Agustos 20 446.34 637.05
Agustos 22 292.16 890.33
Agustos 23 181.45 308.88
Agustos 24 444.59 7721.58
Agustos 27 456.63 599.53
Agustos 30 297.04 2515.12
Eylul 01 318.14 897.09
Eylul 02 228.29 612.03
Eylul 05 55.19 704.87
Eylul 06 156.60 410.16
Eylul 09 472.72 485.11
Eylul 11 55.19 742.13
Eylul 12 242.54 4349.69
Eylul 15 491.30 213.07
Eylul 17 488.44 751.35
Eylul 19 215.20 4126.63
Eylul 21 397.63 282.65
Eylul 22 338.96 313.76
Eylul 23 487.21 266.34
Eylul 25 225.42 418.31
Eylul 28 455.04 314.61
Ekim 01 136.27 641.07
Ekim 03 257.50 665.49
Ekim 04 480.07 42.41
Ekim 05 453.80 387.27
Ekim 06 61.51 475.10
Ekim 07 271.50 598.40
Ekim 09 298.84 3043.83
Ekim 11 377.63 406.39
Ekim 14 366.10 458.97
Ekim 15 80.06 744.01
Ekim 16 159.06 284.82
Ekim 19 405.31 1947.79
Ekim 21 297.88 685.88
Ekim 23 290.01 711.78
Ekim 25 50.10 674.82
Ekim 27 150.50 6520.13
Kasim 01 264.28 459.61
Kasim 02 140.21 758.89
Kasim 05 236.15 7134.10
Kasim 19 369.37 75.01
Kasim 20 232.56 344.68
Kasim 21 455.57 481.69
Kasim 22 216.33 379.48
Kasim 23 481.19 139.79
Kasim 25 51.02 502.59
Kasim 27 221.50 5211.01
Kasim 30 188.15 552.63
Aralik 01 260.96 522.85
Aralik 02 250.77 425.17
Aralik 03 188.79 607.63
Aralik 04 391.30 4682.87
Aralik 05 452.16 4602.31
Aralik 06 484.59 58.61
Aralik 07 379.15 6180.21
Aralik 08 131.79 512.19
Aralik 10 327.32 664.82
Aralik 11 432.31 72.02
Aralik 12 379.93 6276.67
Aralik 13 187.82 5716.27
Aralik 14 252.99 130.83
Aralik 15 407.70 5171.52
Aralik 16 432.53 4117.87
Aralik 17 122.63 521.86
Aralik 18 244.50 3383.45
Aralik 19 191.34 1030.72
Aralik 20 91.56 204.92
Aralik 21 154.65 4553.77
Aralik 22 240.06 3787.29
Aralik 23 459.43 7345.94
Aralik 24 128.10 323.01
Aralik 25 259.20 3937.42
Aralik 26 405.18 496.12
Aralik 27 354.92 2015.90
Aralik 28 183.00 1120.31
Aralik 29 203.66 63.06
Aralik 31 443.84 239.81
